1522282354.2555697 0.9996104836463928 -0.003329494269564748 0.027709417045116425 -0.05144631862640381 0.003308478742837906 0.9999942183494568 0.0008042350527830422 0.00010852899868041277 -0.027711935341358185 -0.0007122455863282084 0.9996156096458435 0.0033273224253207445
1522282354.3555696 0.9999859929084778 -0.0027518058195710182 0.004518996458500624 -0.05180062726140022 0.0027441929560154676 0.9999948143959045 0.00169001508038491 0.00045373791363090277 -0.004523619543761015 -0.0016775908879935741 0.9999883770942688 0.00029055835329927504
1522282354.4555695 0.9997873306274414 -0.004993773996829987 -0.020014477893710136 -0.05214564874768257 0.004999605007469654 0.9999874234199524 0.00024126145581249148 0.0007717341068200767 0.020013026893138885 -0.0003412746009416878 0.9997996091842651 -0.0032734833657741547
1522282354.5555694 0.9989156723022461 -0.007302315905690193 -0.045979566872119904 -0.05231457203626633 0.007326263003051281 0.9999731183052063 0.0003523227642290294 0.0009601868805475533 0.04597574844956398 -0.0006887989002279937 0.9989423155784607 -0.00679080281406641
1522282354.6555693 0.997032105922699 -0.010648275725543499 -0.07624594122171402 -0.04774750396609306 0.010649455711245537 0.9999431371688843 -0.00039111613295972347 0.0011658687144517899 0.0762457624077797 -0.00042202245094813406 0.9970889687538147 -0.010525274090468884
1522282354.7555692 0.9952069520950317 -0.012358629144728184 -0.0970069095492363 -0.05238382890820503 0.012163141742348671 0.9999226331710815 -0.002606304595246911 0.0016836269060149789 0.0970316007733345 0.001413903315551579 0.9952804446220398 -0.014147710055112839
1522282354.8555691 0.992516279220581 -0.01471350435167551 -0.12122295051813126 -0.05229823291301727 0.014110241085290909 0.9998833537101746 -0.005833427421748638 0.0017393743619322777 0.12129464000463486 0.004079286474734545 0.9926081299781799 -0.017345331609249115
1522282354.955569 0.9895879626274109 -0.013124107383191586 -0.14332954585552216 -0.052985090762376785 0.01263763103634119 0.999910831451416 -0.004303998313844204 0.0020858137868344784 0.1433732509613037 0.002447838429361582 0.989665687084198 -0.022285746410489082
1522282355.055569 0.9865103960037231 -0.005234230775386095 -0.1636146903038025 -0.05292893201112747 0.004483858589082956 0.9999777674674988 -0.00495518371462822 0.0028400286100804806 0.1636369675397873 0.004154716152697802 0.9865118265151978 -0.024499502032995224
1522282355.1555688 0.982921838760376 0.0029148568864911795 -0.18400076031684875 -0.05136360228061676 -0.0038277895655483007 0.9999819993972778 -0.0046065752394497395 0.0011878288350999355 0.18398401141166687 0.005232219118624926 0.9829153418540955 -0.025705210864543915
1522282355.2555687 0.9791603684425354 0.014854148030281067 -0.20254455506801605 -0.049987051635980606 -0.015486009418964386 0.9998789429664612 -0.001535158371552825 0.0025970388669520617 0.2024972289800644 0.0046397726982831955 0.9792717695236206 -0.02797260694205761
1522282355.2555687 0.9791603684425354 0.014854148030281067 -0.20254455506801605 -0.049987051635980606 -0.015486009418964386 0.9998789429664612 -0.001535158371552825 0.0025970388669520617 0.2024972289800644 0.0046397726982831955 0.9792717695236206 -0.02797260694205761
1522282355.4555686 0.9744934439659119 0.004654624033719301 -0.22436779737472534 -0.06058782339096069 -0.007795404177159071 0.9998836517333984 -0.01311457809060812 0.016093943268060684 0.22428062558174133 0.014529106207191944 0.9744162559509277 -0.05093910172581673
1522282355.4555686 0.9744934439659119 0.004654624033719301 -0.22436779737472534 -0.06058782339096069 -0.007795404177159071 0.9998836517333984 -0.01311457809060812 0.016093943268060684 0.22428062558174133 0.014529106207191944 0.9744162559509277 -0.05093910172581673
1522282355.4555686 0.9744934439659119 0.004654624033719301 -0.22436779737472534 -0.06058782339096069 -0.007795404177159071 0.9998836517333984 -0.01311457809060812 0.016093943268060684 0.22428062558174133 0.014529106207191944 0.9744162559509277 -0.05093910172581673
1522282355.4555686 0.9744934439659119 0.004654624033719301 -0.22436779737472534 -0.06058782339096069 -0.007795404177159071 0.9998836517333984 -0.01311457809060812 0.016093943268060684 0.22428062558174133 0.014529106207191944 0.9744162559509277 -0.05093910172581673
1522282355.4555686 0.9744934439659119 0.004654624033719301 -0.22436779737472534 -0.06058782339096069 -0.007795404177159071 0.9998836517333984 -0.01311457809060812 0.016093943268060684 0.22428062558174133 0.014529106207191944 0.9744162559509277 -0.05093910172581673
1522282355.4555686 0.9744934439659119 0.004654624033719301 -0.22436779737472534 -0.06058782339096069 -0.007795404177159071 0.9998836517333984 -0.01311457809060812 0.016093943268060684 0.22428062558174133 0.014529106207191944 0.9744162559509277 -0.05093910172581673
1522282355.4555686 0.9744934439659119 0.004654624033719301 -0.22436779737472534 -0.06058782339096069 -0.007795404177159071 0.9998836517333984 -0.01311457809060812 0.016093943268060684 0.22428062558174133 0.014529106207191944 0.9744162559509277 -0.05093910172581673
1522282355.4555686 0.9744934439659119 0.004654624033719301 -0.22436779737472534 -0.06058782339096069 -0.007795404177159071 0.9998836517333984 -0.01311457809060812 0.016093943268060684 0.22428062558174133 0.014529106207191944 0.9744162559509277 -0.05093910172581673
1522282355.4555686 0.9744934439659119 0.004654624033719301 -0.22436779737472534 -0.06058782339096069 -0.007795404177159071 0.9998836517333984 -0.01311457809060812 0.016093943268060684 0.22428062558174133 0.014529106207191944 0.9744162559509277 -0.05093910172581673
1522282355.4555686 0.9744934439659119 0.004654624033719301 -0.22436779737472534 -0.06058782339096069 -0.007795404177159071 0.9998836517333984 -0.01311457809060812 0.016093943268060684 0.22428062558174133 0.014529106207191944 0.9744162559509277 -0.05093910172581673
1522282355.4555686 0.9744934439659119 0.004654624033719301 -0.22436779737472534 -0.06058782339096069 -0.007795404177159071 0.9998836517333984 -0.01311457809060812 0.016093943268060684 0.22428062558174133 0.014529106207191944 0.9744162559509277 -0.05093910172581673
1522282355.4555686 0.9744934439659119 0.004654624033719301 -0.22436779737472534 -0.06058782339096069 -0.007795404177159071 0.9998836517333984 -0.01311457809060812 0.016093943268060684 0.22428062558174133 0.014529106207191944 0.9744162559509277 -0.05093910172581673
1522282355.4555686 0.9744934439659119 0.004654624033719301 -0.22436779737472534 -0.06058782339096069 -0.007795404177159071 0.9998836517333984 -0.01311457809060812 0.016093943268060684 0.22428062558174133 0.014529106207191944 0.9744162559509277 -0.05093910172581673
1522282355.4555686 0.9744934439659119 0.004654624033719301 -0.22436779737472534 -0.06058782339096069 -0.007795404177159071 0.9998836517333984 -0.01311457809060812 0.016093943268060684 0.22428062558174133 0.014529106207191944 0.9744162559509277 -0.05093910172581673
1522282355.4555686 0.9744934439659119 0.004654624033719301 -0.22436779737472534 -0.06058782339096069 -0.007795404177159071 0.9998836517333984 -0.01311457809060812 0.016093943268060684 0.22428062558174133 0.014529106207191944 0.9744162559509277 -0.05093910172581673
1522282355.4555686 0.9744934439659119 0.004654624033719301 -0.22436779737472534 -0.06058782339096069 -0.007795404177159071 0.9998836517333984 -0.01311457809060812 0.016093943268060684 0.22428062558174133 0.014529106207191944 0.9744162559509277 -0.05093910172581673
1522282355.4555686 0.9744934439659119 0.004654624033719301 -0.22436779737472534 -0.06058782339096069 -0.007795404177159071 0.9998836517333984 -0.01311457809060812 0.016093943268060684 0.22428062558174133 0.014529106207191944 0.9744162559509277 -0.05093910172581673
1522282355.4555686 0.9744934439659119 0.004654624033719301 -0.22436779737472534 -0.06058782339096069 -0.007795404177159071 0.9998836517333984 -0.01311457809060812 0.016093943268060684 0.22428062558174133 0.014529106207191944 0.9744162559509277 -0.05093910172581673
1522282355.4555686 0.9744934439659119 0.004654624033719301 -0.22436779737472534 -0.06058782339096069 -0.007795404177159071 0.9998836517333984 -0.01311457809060812 0.016093943268060684 0.22428062558174133 0.014529106207191944 0.9744162559509277 -0.05093910172581673
1522282355.4555686 0.9744934439659119 0.004654624033719301 -0.22436779737472534 -0.06058782339096069 -0.007795404177159071 0.9998836517333984 -0.01311457809060812 0.016093943268060684 0.22428062558174133 0.014529106207191944 0.9744162559509277 -0.05093910172581673
1522282355.4555686 0.9744934439659119 0.004654624033719301 -0.22436779737472534 -0.06058782339096069 -0.007795404177159071 0.9998836517333984 -0.01311457809060812 0.016093943268060684 0.22428062558174133 0.014529106207191944 0.9744162559509277 -0.05093910172581673
1522282355.4555686 0.9744934439659119 0.004654624033719301 -0.22436779737472534 -0.06058782339096069 -0.007795404177159071 0.9998836517333984 -0.01311457809060812 0.016093943268060684 0.22428062558174133 0.014529106207191944 0.9744162559509277 -0.05093910172581673
1522282355.4555686 0.9744934439659119 0.004654624033719301 -0.22436779737472534 -0.06058782339096069 -0.007795404177159071 0.9998836517333984 -0.01311457809060812 0.016093943268060684 0.22428062558174133 0.014529106207191944 0.9744162559509277 -0.05093910172581673
1522282355.4555686 0.9744934439659119 0.004654624033719301 -0.22436779737472534 -0.06058782339096069 -0.007795404177159071 0.9998836517333984 -0.01311457809060812 0.016093943268060684 0.22428062558174133 0.014529106207191944 0.9744162559509277 -0.05093910172581673
1522282355.4555686 0.9744934439659119 0.004654624033719301 -0.22436779737472534 -0.06058782339096069 -0.007795404177159071 0.9998836517333984 -0.01311457809060812 0.016093943268060684 0.22428062558174133 0.014529106207191944 0.9744162559509277 -0.05093910172581673
1522282355.4555686 0.9744934439659119 0.004654624033719301 -0.22436779737472534 -0.06058782339096069 -0.007795404177159071 0.9998836517333984 -0.01311457809060812 0.016093943268060684 0.22428062558174133 0.014529106207191944 0.9744162559509277 -0.05093910172581673
1522282355.4555686 0.9744934439659119 0.004654624033719301 -0.22436779737472534 -0.06058782339096069 -0.007795404177159071 0.9998836517333984 -0.01311457809060812 0.016093943268060684 0.22428062558174133 0.014529106207191944 0.9744162559509277 -0.05093910172581673
1522282355.4555686 0.9744934439659119 0.004654624033719301 -0.22436779737472534 -0.06058782339096069 -0.007795404177159071 0.9998836517333984 -0.01311457809060812 0.016093943268060684 0.22428062558174133 0.014529106207191944 0.9744162559509277 -0.05093910172581673
1522282355.4555686 0.9744934439659119 0.004654624033719301 -0.22436779737472534 -0.06058782339096069 -0.007795404177159071 0.9998836517333984 -0.01311457809060812 0.016093943268060684 0.22428062558174133 0.014529106207191944 0.9744162559509277 -0.05093910172581673
1522282355.4555686 0.9744934439659119 0.004654624033719301 -0.22436779737472534 -0.06058782339096069 -0.007795404177159071 0.9998836517333984 -0.01311457809060812 0.016093943268060684 0.22428062558174133 0.014529106207191944 0.9744162559509277 -0.05093910172581673
1522282355.4555686 0.9744934439659119 0.004654624033719301 -0.22436779737472534 -0.06058782339096069 -0.007795404177159071 0.9998836517333984 -0.01311457809060812 0.016093943268060684 0.22428062558174133 0.014529106207191944 0.9744162559509277 -0.05093910172581673
1522282355.4555686 0.9744934439659119 0.004654624033719301 -0.22436779737472534 -0.06058782339096069 -0.007795404177159071 0.9998836517333984 -0.01311457809060812 0.016093943268060684 0.22428062558174133 0.014529106207191944 0.9744162559509277 -0.05093910172581673
1522282355.4555686 0.9744934439659119 0.004654624033719301 -0.22436779737472534 -0.06058782339096069 -0.007795404177159071 0.9998836517333984 -0.01311457809060812 0.016093943268060684 0.22428062558174133 0.014529106207191944 0.9744162559509277 -0.05093910172581673
1522282355.4555686 0.9744934439659119 0.004654624033719301 -0.22436779737472534 -0.06058782339096069 -0.007795404177159071 0.9998836517333984 -0.01311457809060812 0.016093943268060684 0.22428062558174133 0.014529106207191944 0.9744162559509277 -0.05093910172581673
1522282355.4555686 0.9744934439659119 0.004654624033719301 -0.22436779737472534 -0.06058782339096069 -0.007795404177159071 0.9998836517333984 -0.01311457809060812 0.016093943268060684 0.22428062558174133 0.014529106207191944 0.9744162559509277 -0.05093910172581673
1522282355.4555686 0.9744934439659119 0.004654624033719301 -0.22436779737472534 -0.06058782339096069 -0.007795404177159071 0.9998836517333984 -0.01311457809060812 0.016093943268060684 0.22428062558174133 0.014529106207191944 0.9744162559509277 -0.05093910172581673
1522282355.4555686 0.9744934439659119 0.004654624033719301 -0.22436779737472534 -0.06058782339096069 -0.007795404177159071 0.9998836517333984 -0.01311457809060812 0.016093943268060684 0.22428062558174133 0.014529106207191944 0.9744162559509277 -0.05093910172581673
1522282355.4555686 0.9744934439659119 0.004654624033719301 -0.22436779737472534 -0.06058782339096069 -0.007795404177159071 0.9998836517333984 -0.01311457809060812 0.016093943268060684 0.22428062558174133 0.014529106207191944 0.9744162559509277 -0.05093910172581673
1522282355.4555686 0.9744934439659119 0.004654624033719301 -0.22436779737472534 -0.06058782339096069 -0.007795404177159071 0.9998836517333984 -0.01311457809060812 0.016093943268060684 0.22428062558174133 0.014529106207191944 0.9744162559509277 -0.05093910172581673
1522282355.4555686 0.9744934439659119 0.004654624033719301 -0.22436779737472534 -0.06058782339096069 -0.007795404177159071 0.9998836517333984 -0.01311457809060812 0.016093943268060684 0.22428062558174133 0.014529106207191944 0.9744162559509277 -0.05093910172581673
1522282355.4555686 0.9744934439659119 0.004654624033719301 -0.22436779737472534 -0.06058782339096069 -0.007795404177159071 0.9998836517333984 -0.01311457809060812 0.016093943268060684 0.22428062558174133 0.014529106207191944 0.9744162559509277 -0.05093910172581673
1522282355.4555686 0.9744934439659119 0.004654624033719301 -0.22436779737472534 -0.06058782339096069 -0.007795404177159071 0.9998836517333984 -0.01311457809060812 0.016093943268060684 0.22428062558174133 0.014529106207191944 0.9744162559509277 -0.05093910172581673
1522282355.4555686 0.9744934439659119 0.004654624033719301 -0.22436779737472534 -0.06058782339096069 -0.007795404177159071 0.9998836517333984 -0.01311457809060812 0.016093943268060684 0.22428062558174133 0.014529106207191944 0.9744162559509277 -0.05093910172581673
1522282355.4555686 0.9744934439659119 0.004654624033719301 -0.22436779737472534 -0.06058782339096069 -0.007795404177159071 0.9998836517333984 -0.01311457809060812 0.016093943268060684 0.22428062558174133 0.014529106207191944 0.9744162559509277 -0.05093910172581673
1522282355.4555686 0.9744934439659119 0.004654624033719301 -0.22436779737472534 -0.06058782339096069 -0.007795404177159071 0.9998836517333984 -0.01311457809060812 0.016093943268060684 0.22428062558174133 0.014529106207191944 0.9744162559509277 -0.05093910172581673
1522282355.4555686 0.9744934439659119 0.004654624033719301 -0.22436779737472534 -0.06058782339096069 -0.007795404177159071 0.9998836517333984 -0.01311457809060812 0.016093943268060684 0.22428062558174133 0.014529106207191944 0.9744162559509277 -0.05093910172581673
1522282355.4555686 0.9744934439659119 0.004654624033719301 -0.22436779737472534 -0.06058782339096069 -0.007795404177159071 0.9998836517333984 -0.01311457809060812 0.016093943268060684 0.22428062558174133 0.014529106207191944 0.9744162559509277 -0.05093910172581673
1522282355.4555686 0.9744934439659119 0.004654624033719301 -0.22436779737472534 -0.06058782339096069 -0.007795404177159071 0.9998836517333984 -0.01311457809060812 0.016093943268060684 0.22428062558174133 0.014529106207191944 0.9744162559509277 -0.05093910172581673
1522282355.4555686 0.9744934439659119 0.004654624033719301 -0.22436779737472534 -0.06058782339096069 -0.007795404177159071 0.9998836517333984 -0.01311457809060812 0.016093943268060684 0.22428062558174133 0.014529106207191944 0.9744162559509277 -0.05093910172581673
1522282355.4555686 0.9744934439659119 0.004654624033719301 -0.22436779737472534 -0.06058782339096069 -0.007795404177159071 0.9998836517333984 -0.01311457809060812 0.016093943268060684 0.22428062558174133 0.014529106207191944 0.9744162559509277 -0.05093910172581673
1522282355.4555686 0.9744934439659119 0.004654624033719301 -0.22436779737472534 -0.06058782339096069 -0.007795404177159071 0.9998836517333984 -0.01311457809060812 0.016093943268060684 0.22428062558174133 0.014529106207191944 0.9744162559509277 -0.05093910172581673
1522282355.4555686 0.9744934439659119 0.004654624033719301 -0.22436779737472534 -0.06058782339096069 -0.007795404177159071 0.9998836517333984 -0.01311457809060812 0.016093943268060684 0.22428062558174133 0.014529106207191944 0.9744162559509277 -0.05093910172581673
1522282355.4555686 0.9744934439659119 0.004654624033719301 -0.22436779737472534 -0.06058782339096069 -0.007795404177159071 0.9998836517333984 -0.01311457809060812 0.016093943268060684 0.22428062558174133 0.014529106207191944 0.9744162559509277 -0.05093910172581673
1522282355.4555686 0.9744934439659119 0.004654624033719301 -0.22436779737472534 -0.06058782339096069 -0.007795404177159071 0.9998836517333984 -0.01311457809060812 0.016093943268060684 0.22428062558174133 0.014529106207191944 0.9744162559509277 -0.05093910172581673
1522282355.4555686 0.9744934439659119 0.004654624033719301 -0.22436779737472534 -0.06058782339096069 -0.007795404177159071 0.9998836517333984 -0.01311457809060812 0.016093943268060684 0.22428062558174133 0.014529106207191944 0.9744162559509277 -0.05093910172581673
1522282355.4555686 0.9744934439659119 0.004654624033719301 -0.22436779737472534 -0.06058782339096069 -0.007795404177159071 0.9998836517333984 -0.01311457809060812 0.016093943268060684 0.22428062558174133 0.014529106207191944 0.9744162559509277 -0.05093910172581673
1522282355.4555686 0.9744934439659119 0.004654624033719301 -0.22436779737472534 -0.06058782339096069 -0.007795404177159071 0.9998836517333984 -0.01311457809060812 0.016093943268060684 0.22428062558174133 0.014529106207191944 0.9744162559509277 -0.05093910172581673
1522282355.4555686 0.9744934439659119 0.004654624033719301 -0.22436779737472534 -0.06058782339096069 -0.007795404177159071 0.9998836517333984 -0.01311457809060812 0.016093943268060684 0.22428062558174133 0.014529106207191944 0.9744162559509277 -0.05093910172581673
1522282355.4555686 0.9744934439659119 0.004654624033719301 -0.22436779737472534 -0.06058782339096069 -0.007795404177159071 0.9998836517333984 -0.01311457809060812 0.016093943268060684 0.22428062558174133 0.014529106207191944 0.9744162559509277 -0.05093910172581673
1522282355.4555686 0.9744934439659119 0.004654624033719301 -0.22436779737472534 -0.06058782339096069 -0.007795404177159071 0.9998836517333984 -0.01311457809060812 0.016093943268060684 0.22428062558174133 0.014529106207191944 0.9744162559509277 -0.05093910172581673
1522282355.4555686 0.9744934439659119 0.004654624033719301 -0.22436779737472534 -0.06058782339096069 -0.007795404177159071 0.9998836517333984 -0.01311457809060812 0.016093943268060684 0.22428062558174133 0.014529106207191944 0.9744162559509277 -0.05093910172581673
1522282355.4555686 0.9744934439659119 0.004654624033719301 -0.22436779737472534 -0.06058782339096069 -0.007795404177159071 0.9998836517333984 -0.01311457809060812 0.016093943268060684 0.22428062558174133 0.014529106207191944 0.9744162559509277 -0.05093910172581673
1522282355.4555686 0.9744934439659119 0.004654624033719301 -0.22436779737472534 -0.06058782339096069 -0.007795404177159071 0.9998836517333984 -0.01311457809060812 0.016093943268060684 0.22428062558174133 0.014529106207191944 0.9744162559509277 -0.05093910172581673
1522282355.4555686 0.9744934439659119 0.004654624033719301 -0.22436779737472534 -0.06058782339096069 -0.007795404177159071 0.9998836517333984 -0.01311457809060812 0.016093943268060684 0.22428062558174133 0.014529106207191944 0.9744162559509277 -0.05093910172581673
1522282355.4555686 0.9744934439659119 0.004654624033719301 -0.22436779737472534 -0.06058782339096069 -0.007795404177159071 0.9998836517333984 -0.01311457809060812 0.016093943268060684 0.22428062558174133 0.014529106207191944 0.9744162559509277 -0.05093910172581673
1522282355.4555686 0.9744934439659119 0.004654624033719301 -0.22436779737472534 -0.06058782339096069 -0.007795404177159071 0.9998836517333984 -0.01311457809060812 0.016093943268060684 0.22428062558174133 0.014529106207191944 0.9744162559509277 -0.05093910172581673
1522282355.4555686 0.9744934439659119 0.004654624033719301 -0.22436779737472534 -0.06058782339096069 -0.007795404177159071 0.9998836517333984 -0.01311457809060812 0.016093943268060684 0.22428062558174133 0.014529106207191944 0.9744162559509277 -0.05093910172581673
1522282355.4555686 0.9744934439659119 0.004654624033719301 -0.22436779737472534 -0.06058782339096069 -0.007795404177159071 0.9998836517333984 -0.01311457809060812 0.016093943268060684 0.22428062558174133 0.014529106207191944 0.9744162559509277 -0.05093910172581673
1522282355.4555686 0.9744934439659119 0.004654624033719301 -0.22436779737472534 -0.06058782339096069 -0.007795404177159071 0.9998836517333984 -0.01311457809060812 0.016093943268060684 0.22428062558174133 0.014529106207191944 0.9744162559509277 -0.05093910172581673
1522282355.4555686 0.9744934439659119 0.004654624033719301 -0.22436779737472534 -0.06058782339096069 -0.007795404177159071 0.9998836517333984 -0.01311457809060812 0.016093943268060684 0.22428062558174133 0.014529106207191944 0.9744162559509277 -0.05093910172581673
1522282355.4555686 0.9744934439659119 0.004654624033719301 -0.22436779737472534 -0.06058782339096069 -0.007795404177159071 0.9998836517333984 -0.01311457809060812 0.016093943268060684 0.22428062558174133 0.014529106207191944 0.9744162559509277 -0.05093910172581673
1522282355.4555686 0.9744934439659119 0.004654624033719301 -0.22436779737472534 -0.06058782339096069 -0.007795404177159071 0.9998836517333984 -0.01311457809060812 0.016093943268060684 0.22428062558174133 0.014529106207191944 0.9744162559509277 -0.05093910172581673
1522282355.4555686 0.9744934439659119 0.004654624033719301 -0.22436779737472534 -0.06058782339096069 -0.007795404177159071 0.9998836517333984 -0.01311457809060812 0.016093943268060684 0.22428062558174133 0.014529106207191944 0.9744162559509277 -0.05093910172581673
1522282355.4555686 0.9744934439659119 0.004654624033719301 -0.22436779737472534 -0.06058782339096069 -0.007795404177159071 0.9998836517333984 -0.01311457809060812 0.016093943268060684 0.22428062558174133 0.014529106207191944 0.9744162559509277 -0.05093910172581673
1522282355.4555686 0.9744934439659119 0.004654624033719301 -0.22436779737472534 -0.06058782339096069 -0.007795404177159071 0.9998836517333984 -0.01311457809060812 0.016093943268060684 0.22428062558174133 0.014529106207191944 0.9744162559509277 -0.05093910172581673
1522282355.4555686 0.9744934439659119 0.004654624033719301 -0.22436779737472534 -0.06058782339096069 -0.007795404177159071 0.9998836517333984 -0.01311457809060812 0.016093943268060684 0.22428062558174133 0.014529106207191944 0.9744162559509277 -0.05093910172581673
1522282355.4555686 0.9744934439659119 0.004654624033719301 -0.22436779737472534 -0.06058782339096069 -0.007795404177159071 0.9998836517333984 -0.01311457809060812 0.016093943268060684 0.22428062558174133 0.014529106207191944 0.9744162559509277 -0.05093910172581673
1522282355.4555686 0.9744934439659119 0.004654624033719301 -0.22436779737472534 -0.06058782339096069 -0.007795404177159071 0.9998836517333984 -0.01311457809060812 0.016093943268060684 0.22428062558174133 0.014529106207191944 0.9744162559509277 -0.05093910172581673
1522282355.4555686 0.9744934439659119 0.004654624033719301 -0.22436779737472534 -0.06058782339096069 -0.007795404177159071 0.9998836517333984 -0.01311457809060812 0.016093943268060684 0.22428062558174133 0.014529106207191944 0.9744162559509277 -0.05093910172581673
1522282355.4555686 0.9744934439659119 0.004654624033719301 -0.22436779737472534 -0.06058782339096069 -0.007795404177159071 0.9998836517333984 -0.01311457809060812 0.016093943268060684 0.22428062558174133 0.014529106207191944 0.9744162559509277 -0.05093910172581673
1522282355.4555686 0.9744934439659119 0.004654624033719301 -0.22436779737472534 -0.06058782339096069 -0.007795404177159071 0.9998836517333984 -0.01311457809060812 0.016093943268060684 0.22428062558174133 0.014529106207191944 0.9744162559509277 -0.05093910172581673
1522282355.4555686 0.9744934439659119 0.004654624033719301 -0.22436779737472534 -0.06058782339096069 -0.007795404177159071 0.9998836517333984 -0.01311457809060812 0.016093943268060684 0.22428062558174133 0.014529106207191944 0.9744162559509277 -0.05093910172581673
1522282355.4555686 0.9744934439659119 0.004654624033719301 -0.22436779737472534 -0.06058782339096069 -0.007795404177159071 0.9998836517333984 -0.01311457809060812 0.016093943268060684 0.22428062558174133 0.014529106207191944 0.9744162559509277 -0.05093910172581673
1522282355.4555686 0.9744934439659119 0.004654624033719301 -0.22436779737472534 -0.06058782339096069 -0.007795404177159071 0.9998836517333984 -0.01311457809060812 0.016093943268060684 0.22428062558174133 0.014529106207191944 0.9744162559509277 -0.05093910172581673
1522282355.4555686 0.9744934439659119 0.004654624033719301 -0.22436779737472534 -0.06058782339096069 -0.007795404177159071 0.9998836517333984 -0.01311457809060812 0.016093943268060684 0.22428062558174133 0.014529106207191944 0.9744162559509277 -0.05093910172581673
1522282355.4555686 0.9744934439659119 0.004654624033719301 -0.22436779737472534 -0.06058782339096069 -0.007795404177159071 0.9998836517333984 -0.01311457809060812 0.016093943268060684 0.22428062558174133 0.014529106207191944 0.9744162559509277 -0.05093910172581673
1522282355.4555686 0.9744934439659119 0.004654624033719301 -0.22436779737472534 -0.06058782339096069 -0.007795404177159071 0.9998836517333984 -0.01311457809060812 0.016093943268060684 0.22428062558174133 0.014529106207191944 0.9744162559509277 -0.05093910172581673
1522282355.4555686 0.9744934439659119 0.004654624033719301 -0.22436779737472534 -0.06058782339096069 -0.007795404177159071 0.9998836517333984 -0.01311457809060812 0.016093943268060684 0.22428062558174133 0.014529106207191944 0.9744162559509277 -0.05093910172581673
1522282355.4555686 0.9744934439659119 0.004654624033719301 -0.22436779737472534 -0.06058782339096069 -0.007795404177159071 0.9998836517333984 -0.01311457809060812 0.016093943268060684 0.22428062558174133 0.014529106207191944 0.9744162559509277 -0.05093910172581673
1522282355.4555686 0.9744934439659119 0.004654624033719301 -0.22436779737472534 -0.06058782339096069 -0.007795404177159071 0.9998836517333984 -0.01311457809060812 0.016093943268060684 0.22428062558174133 0.014529106207191944 0.9744162559509277 -0.05093910172581673
1522282355.4555686 0.9744934439659119 0.004654624033719301 -0.22436779737472534 -0.06058782339096069 -0.007795404177159071 0.9998836517333984 -0.01311457809060812 0.016093943268060684 0.22428062558174133 0.014529106207191944 0.9744162559509277 -0.05093910172581673
1522282355.4555686 0.9744934439659119 0.004654624033719301 -0.22436779737472534 -0.06058782339096069 -0.007795404177159071 0.9998836517333984 -0.01311457809060812 0.016093943268060684 0.22428062558174133 0.014529106207191944 0.9744162559509277 -0.05093910172581673
1522282355.4555686 0.9744934439659119 0.004654624033719301 -0.22436779737472534 -0.06058782339096069 -0.007795404177159071 0.9998836517333984 -0.01311457809060812 0.016093943268060684 0.22428062558174133 0.014529106207191944 0.9744162559509277 -0.05093910172581673
1522282355.4555686 0.9744934439659119 0.004654624033719301 -0.22436779737472534 -0.06058782339096069 -0.007795404177159071 0.9998836517333984 -0.01311457809060812 0.016093943268060684 0.22428062558174133 0.014529106207191944 0.9744162559509277 -0.05093910172581673
1522282355.4555686 0.9744934439659119 0.004654624033719301 -0.22436779737472534 -0.06058782339096069 -0.007795404177159071 0.9998836517333984 -0.01311457809060812 0.016093943268060684 0.22428062558174133 0.014529106207191944 0.9744162559509277 -0.05093910172581673
1522282355.4555686 0.9744934439659119 0.004654624033719301 -0.22436779737472534 -0.06058782339096069 -0.007795404177159071 0.9998836517333984 -0.01311457809060812 0.016093943268060684 0.22428062558174133 0.014529106207191944 0.9744162559509277 -0.05093910172581673
1522282355.4555686 0.9744934439659119 0.004654624033719301 -0.22436779737472534 -0.06058782339096069 -0.007795404177159071 0.9998836517333984 -0.01311457809060812 0.016093943268060684 0.22428062558174133 0.014529106207191944 0.9744162559509277 -0.05093910172581673
1522282355.4555686 0.9744934439659119 0.004654624033719301 -0.22436779737472534 -0.06058782339096069 -0.007795404177159071 0.9998836517333984 -0.01311457809060812 0.016093943268060684 0.22428062558174133 0.014529106207191944 0.9744162559509277 -0.05093910172581673
1522282355.4555686 0.9744934439659119 0.004654624033719301 -0.22436779737472534 -0.06058782339096069 -0.007795404177159071 0.9998836517333984 -0.01311457809060812 0.016093943268060684 0.22428062558174133 0.014529106207191944 0.9744162559509277 -0.05093910172581673
1522282355.4555686 0.9744934439659119 0.004654624033719301 -0.22436779737472534 -0.06058782339096069 -0.007795404177159071 0.9998836517333984 -0.01311457809060812 0.016093943268060684 0.22428062558174133 0.014529106207191944 0.9744162559509277 -0.05093910172581673
1522282355.4555686 0.9744934439659119 0.004654624033719301 -0.22436779737472534 -0.06058782339096069 -0.007795404177159071 0.9998836517333984 -0.01311457809060812 0.016093943268060684 0.22428062558174133 0.014529106207191944 0.9744162559509277 -0.05093910172581673
1522282355.4555686 0.9744934439659119 0.004654624033719301 -0.22436779737472534 -0.06058782339096069 -0.007795404177159071 0.9998836517333984 -0.01311457809060812 0.016093943268060684 0.22428062558174133 0.014529106207191944 0.9744162559509277 -0.05093910172581673
1522282355.4555686 0.9744934439659119 0.004654624033719301 -0.22436779737472534 -0.06058782339096069 -0.007795404177159071 0.9998836517333984 -0.01311457809060812 0.016093943268060684 0.22428062558174133 0.014529106207191944 0.9744162559509277 -0.05093910172581673
1522282355.4555686 0.9744934439659119 0.004654624033719301 -0.22436779737472534 -0.06058782339096069 -0.007795404177159071 0.9998836517333984 -0.01311457809060812 0.016093943268060684 0.22428062558174133 0.014529106207191944 0.9744162559509277 -0.05093910172581673
1522282355.4555686 0.9744934439659119 0.004654624033719301 -0.22436779737472534 -0.06058782339096069 -0.007795404177159071 0.9998836517333984 -0.01311457809060812 0.016093943268060684 0.22428062558174133 0.014529106207191944 0.9744162559509277 -0.05093910172581673
1522282355.4555686 0.9744934439659119 0.004654624033719301 -0.22436779737472534 -0.06058782339096069 -0.007795404177159071 0.9998836517333984 -0.01311457809060812 0.016093943268060684 0.22428062558174133 0.014529106207191944 0.9744162559509277 -0.05093910172581673
1522282355.4555686 0.9744934439659119 0.004654624033719301 -0.22436779737472534 -0.06058782339096069 -0.007795404177159071 0.9998836517333984 -0.01311457809060812 0.016093943268060684 0.22428062558174133 0.014529106207191944 0.9744162559509277 -0.05093910172581673
1522282355.4555686 0.9744934439659119 0.004654624033719301 -0.22436779737472534 -0.06058782339096069 -0.007795404177159071 0.9998836517333984 -0.01311457809060812 0.016093943268060684 0.22428062558174133 0.014529106207191944 0.9744162559509277 -0.05093910172581673
1522282355.4555686 0.9744934439659119 0.004654624033719301 -0.22436779737472534 -0.06058782339096069 -0.007795404177159071 0.9998836517333984 -0.01311457809060812 0.016093943268060684 0.22428062558174133 0.014529106207191944 0.9744162559509277 -0.05093910172581673
1522282355.4555686 0.9744934439659119 0.004654624033719301 -0.22436779737472534 -0.06058782339096069 -0.007795404177159071 0.9998836517333984 -0.01311457809060812 0.016093943268060684 0.22428062558174133 0.014529106207191944 0.9744162559509277 -0.05093910172581673
1522282355.4555686 0.9744934439659119 0.004654624033719301 -0.22436779737472534 -0.06058782339096069 -0.007795404177159071 0.9998836517333984 -0.01311457809060812 0.016093943268060684 0.22428062558174133 0.014529106207191944 0.9744162559509277 -0.05093910172581673
1522282355.4555686 0.9744934439659119 0.004654624033719301 -0.22436779737472534 -0.06058782339096069 -0.007795404177159071 0.9998836517333984 -0.01311457809060812 0.016093943268060684 0.22428062558174133 0.014529106207191944 0.9744162559509277 -0.05093910172581673
1522282355.4555686 0.9744934439659119 0.004654624033719301 -0.22436779737472534 -0.06058782339096069 -0.007795404177159071 0.9998836517333984 -0.01311457809060812 0.016093943268060684 0.22428062558174133 0.014529106207191944 0.9744162559509277 -0.05093910172581673
1522282355.4555686 0.9744934439659119 0.004654624033719301 -0.22436779737472534 -0.06058782339096069 -0.007795404177159071 0.9998836517333984 -0.01311457809060812 0.016093943268060684 0.22428062558174133 0.014529106207191944 0.9744162559509277 -0.05093910172581673
1522282355.4555686 0.9744934439659119 0.004654624033719301 -0.22436779737472534 -0.06058782339096069 -0.007795404177159071 0.9998836517333984 -0.01311457809060812 0.016093943268060684 0.22428062558174133 0.014529106207191944 0.9744162559509277 -0.05093910172581673
1522282355.4555686 0.9744934439659119 0.004654624033719301 -0.22436779737472534 -0.06058782339096069 -0.007795404177159071 0.9998836517333984 -0.01311457809060812 0.016093943268060684 0.22428062558174133 0.014529106207191944 0.9744162559509277 -0.05093910172581673
1522282355.4555686 0.9744934439659119 0.004654624033719301 -0.22436779737472534 -0.06058782339096069 -0.007795404177159071 0.9998836517333984 -0.01311457809060812 0.016093943268060684 0.22428062558174133 0.014529106207191944 0.9744162559509277 -0.05093910172581673
1522282355.4555686 0.9744934439659119 0.004654624033719301 -0.22436779737472534 -0.06058782339096069 -0.007795404177159071 0.9998836517333984 -0.01311457809060812 0.016093943268060684 0.22428062558174133 0.014529106207191944 0.9744162559509277 -0.05093910172581673
1522282355.4555686 0.9744934439659119 0.004654624033719301 -0.22436779737472534 -0.06058782339096069 -0.007795404177159071 0.9998836517333984 -0.01311457809060812 0.016093943268060684 0.22428062558174133 0.014529106207191944 0.9744162559509277 -0.05093910172581673
1522282355.4555686 0.9744934439659119 0.004654624033719301 -0.22436779737472534 -0.06058782339096069 -0.007795404177159071 0.9998836517333984 -0.01311457809060812 0.016093943268060684 0.22428062558174133 0.014529106207191944 0.9744162559509277 -0.05093910172581673
1522282355.4555686 0.9744934439659119 0.004654624033719301 -0.22436779737472534 -0.06058782339096069 -0.007795404177159071 0.9998836517333984 -0.01311457809060812 0.016093943268060684 0.22428062558174133 0.014529106207191944 0.9744162559509277 -0.05093910172581673
1522282355.4555686 0.9744934439659119 0.004654624033719301 -0.22436779737472534 -0.06058782339096069 -0.007795404177159071 0.9998836517333984 -0.01311457809060812 0.016093943268060684 0.22428062558174133 0.014529106207191944 0.9744162559509277 -0.05093910172581673
1522282355.4555686 0.9744934439659119 0.004654624033719301 -0.22436779737472534 -0.06058782339096069 -0.007795404177159071 0.9998836517333984 -0.01311457809060812 0.016093943268060684 0.22428062558174133 0.014529106207191944 0.9744162559509277 -0.05093910172581673
1522282355.4555686 0.9744934439659119 0.004654624033719301 -0.22436779737472534 -0.06058782339096069 -0.007795404177159071 0.9998836517333984 -0.01311457809060812 0.016093943268060684 0.22428062558174133 0.014529106207191944 0.9744162559509277 -0.05093910172581673
1522282355.4555686 0.9744934439659119 0.004654624033719301 -0.22436779737472534 -0.06058782339096069 -0.007795404177159071 0.9998836517333984 -0.01311457809060812 0.016093943268060684 0.22428062558174133 0.014529106207191944 0.9744162559509277 -0.05093910172581673
1522282355.4555686 0.9744934439659119 0.004654624033719301 -0.22436779737472534 -0.06058782339096069 -0.007795404177159071 0.9998836517333984 -0.01311457809060812 0.016093943268060684 0.22428062558174133 0.014529106207191944 0.9744162559509277 -0.05093910172581673
1522282355.4555686 0.9744934439659119 0.004654624033719301 -0.22436779737472534 -0.06058782339096069 -0.007795404177159071 0.9998836517333984 -0.01311457809060812 0.016093943268060684 0.22428062558174133 0.014529106207191944 0.9744162559509277 -0.05093910172581673
1522282355.4555686 0.9744934439659119 0.004654624033719301 -0.22436779737472534 -0.06058782339096069 -0.007795404177159071 0.9998836517333984 -0.01311457809060812 0.016093943268060684 0.22428062558174133 0.014529106207191944 0.9744162559509277 -0.05093910172581673
1522282355.4555686 0.9744934439659119 0.004654624033719301 -0.22436779737472534 -0.06058782339096069 -0.007795404177159071 0.9998836517333984 -0.01311457809060812 0.016093943268060684 0.22428062558174133 0.014529106207191944 0.9744162559509277 -0.05093910172581673
1522282355.4555686 0.9744934439659119 0.004654624033719301 -0.22436779737472534 -0.06058782339096069 -0.007795404177159071 0.9998836517333984 -0.01311457809060812 0.016093943268060684 0.22428062558174133 0.014529106207191944 0.9744162559509277 -0.05093910172581673
1522282355.4555686 0.9744934439659119 0.004654624033719301 -0.22436779737472534 -0.06058782339096069 -0.007795404177159071 0.9998836517333984 -0.01311457809060812 0.016093943268060684 0.22428062558174133 0.014529106207191944 0.9744162559509277 -0.05093910172581673
1522282355.4555686 0.9744934439659119 0.004654624033719301 -0.22436779737472534 -0.06058782339096069 -0.007795404177159071 0.9998836517333984 -0.01311457809060812 0.016093943268060684 0.22428062558174133 0.014529106207191944 0.9744162559509277 -0.05093910172581673
1522282355.4555686 0.9744934439659119 0.004654624033719301 -0.22436779737472534 -0.06058782339096069 -0.007795404177159071 0.9998836517333984 -0.01311457809060812 0.016093943268060684 0.22428062558174133 0.014529106207191944 0.9744162559509277 -0.05093910172581673
1522282355.4555686 0.9744934439659119 0.004654624033719301 -0.22436779737472534 -0.06058782339096069 -0.007795404177159071 0.9998836517333984 -0.01311457809060812 0.016093943268060684 0.22428062558174133 0.014529106207191944 0.9744162559509277 -0.05093910172581673
1522282355.4555686 0.9744934439659119 0.004654624033719301 -0.22436779737472534 -0.06058782339096069 -0.007795404177159071 0.9998836517333984 -0.01311457809060812 0.016093943268060684 0.22428062558174133 0.014529106207191944 0.9744162559509277 -0.05093910172581673
1522282355.4555686 0.9744934439659119 0.004654624033719301 -0.22436779737472534 -0.06058782339096069 -0.007795404177159071 0.9998836517333984 -0.01311457809060812 0.016093943268060684 0.22428062558174133 0.014529106207191944 0.9744162559509277 -0.05093910172581673
1522282355.4555686 0.9744934439659119 0.004654624033719301 -0.22436779737472534 -0.06058782339096069 -0.007795404177159071 0.9998836517333984 -0.01311457809060812 0.016093943268060684 0.22428062558174133 0.014529106207191944 0.9744162559509277 -0.05093910172581673
1522282355.4555686 0.9744934439659119 0.004654624033719301 -0.22436779737472534 -0.06058782339096069 -0.007795404177159071 0.9998836517333984 -0.01311457809060812 0.016093943268060684 0.22428062558174133 0.014529106207191944 0.9744162559509277 -0.05093910172581673
1522282355.4555686 0.9744934439659119 0.004654624033719301 -0.22436779737472534 -0.06058782339096069 -0.007795404177159071 0.9998836517333984 -0.01311457809060812 0.016093943268060684 0.22428062558174133 0.014529106207191944 0.9744162559509277 -0.05093910172581673
1522282355.4555686 0.9744934439659119 0.004654624033719301 -0.22436779737472534 -0.06058782339096069 -0.007795404177159071 0.9998836517333984 -0.01311457809060812 0.016093943268060684 0.22428062558174133 0.014529106207191944 0.9744162559509277 -0.05093910172581673
1522282355.4555686 0.9744934439659119 0.004654624033719301 -0.22436779737472534 -0.06058782339096069 -0.007795404177159071 0.9998836517333984 -0.01311457809060812 0.016093943268060684 0.22428062558174133 0.014529106207191944 0.9744162559509277 -0.05093910172581673
1522282355.4555686 0.9744934439659119 0.004654624033719301 -0.22436779737472534 -0.06058782339096069 -0.007795404177159071 0.9998836517333984 -0.01311457809060812 0.016093943268060684 0.22428062558174133 0.014529106207191944 0.9744162559509277 -0.05093910172581673
1522282355.4555686 0.9744934439659119 0.004654624033719301 -0.22436779737472534 -0.06058782339096069 -0.007795404177159071 0.9998836517333984 -0.01311457809060812 0.016093943268060684 0.22428062558174133 0.014529106207191944 0.9744162559509277 -0.05093910172581673
1522282355.4555686 0.9744934439659119 0.004654624033719301 -0.22436779737472534 -0.06058782339096069 -0.007795404177159071 0.9998836517333984 -0.01311457809060812 0.016093943268060684 0.22428062558174133 0.014529106207191944 0.9744162559509277 -0.05093910172581673
1522282355.4555686 0.9744934439659119 0.004654624033719301 -0.22436779737472534 -0.06058782339096069 -0.007795404177159071 0.9998836517333984 -0.01311457809060812 0.016093943268060684 0.22428062558174133 0.014529106207191944 0.9744162559509277 -0.05093910172581673
1522282355.4555686 0.9744934439659119 0.004654624033719301 -0.22436779737472534 -0.06058782339096069 -0.007795404177159071 0.9998836517333984 -0.01311457809060812 0.016093943268060684 0.22428062558174133 0.014529106207191944 0.9744162559509277 -0.05093910172581673
1522282355.4555686 0.9744934439659119 0.004654624033719301 -0.22436779737472534 -0.06058782339096069 -0.007795404177159071 0.9998836517333984 -0.01311457809060812 0.016093943268060684 0.22428062558174133 0.014529106207191944 0.9744162559509277 -0.05093910172581673
1522282355.4555686 0.9744934439659119 0.004654624033719301 -0.22436779737472534 -0.06058782339096069 -0.007795404177159071 0.9998836517333984 -0.01311457809060812 0.016093943268060684 0.22428062558174133 0.014529106207191944 0.9744162559509277 -0.05093910172581673
1522282355.4555686 0.9744934439659119 0.004654624033719301 -0.22436779737472534 -0.06058782339096069 -0.007795404177159071 0.9998836517333984 -0.01311457809060812 0.016093943268060684 0.22428062558174133 0.014529106207191944 0.9744162559509277 -0.05093910172581673
1522282355.4555686 0.9744934439659119 0.004654624033719301 -0.22436779737472534 -0.06058782339096069 -0.007795404177159071 0.9998836517333984 -0.01311457809060812 0.016093943268060684 0.22428062558174133 0.014529106207191944 0.9744162559509277 -0.05093910172581673
1522282355.4555686 0.9744934439659119 0.004654624033719301 -0.22436779737472534 -0.06058782339096069 -0.007795404177159071 0.9998836517333984 -0.01311457809060812 0.016093943268060684 0.22428062558174133 0.014529106207191944 0.9744162559509277 -0.05093910172581673
1522282355.4555686 0.9744934439659119 0.004654624033719301 -0.22436779737472534 -0.06058782339096069 -0.007795404177159071 0.9998836517333984 -0.01311457809060812 0.016093943268060684 0.22428062558174133 0.014529106207191944 0.9744162559509277 -0.05093910172581673
1522282355.4555686 0.9744934439659119 0.004654624033719301 -0.22436779737472534 -0.06058782339096069 -0.007795404177159071 0.9998836517333984 -0.01311457809060812 0.016093943268060684 0.22428062558174133 0.014529106207191944 0.9744162559509277 -0.05093910172581673
1522282355.4555686 0.9744934439659119 0.004654624033719301 -0.22436779737472534 -0.06058782339096069 -0.007795404177159071 0.9998836517333984 -0.01311457809060812 0.016093943268060684 0.22428062558174133 0.014529106207191944 0.9744162559509277 -0.05093910172581673
1522282355.4555686 0.9744934439659119 0.004654624033719301 -0.22436779737472534 -0.06058782339096069 -0.007795404177159071 0.9998836517333984 -0.01311457809060812 0.016093943268060684 0.22428062558174133 0.014529106207191944 0.9744162559509277 -0.05093910172581673
1522282355.4555686 0.9744934439659119 0.004654624033719301 -0.22436779737472534 -0.06058782339096069 -0.007795404177159071 0.9998836517333984 -0.01311457809060812 0.016093943268060684 0.22428062558174133 0.014529106207191944 0.9744162559509277 -0.05093910172581673
1522282355.4555686 0.9744934439659119 0.004654624033719301 -0.22436779737472534 -0.06058782339096069 -0.007795404177159071 0.9998836517333984 -0.01311457809060812 0.016093943268060684 0.22428062558174133 0.014529106207191944 0.9744162559509277 -0.05093910172581673
1522282355.4555686 0.9744934439659119 0.004654624033719301 -0.22436779737472534 -0.06058782339096069 -0.007795404177159071 0.9998836517333984 -0.01311457809060812 0.016093943268060684 0.22428062558174133 0.014529106207191944 0.9744162559509277 -0.05093910172581673
1522282355.4555686 0.9744934439659119 0.004654624033719301 -0.22436779737472534 -0.06058782339096069 -0.007795404177159071 0.9998836517333984 -0.01311457809060812 0.016093943268060684 0.22428062558174133 0.014529106207191944 0.9744162559509277 -0.05093910172581673
1522282355.4555686 0.9744934439659119 0.004654624033719301 -0.22436779737472534 -0.06058782339096069 -0.007795404177159071 0.9998836517333984 -0.01311457809060812 0.016093943268060684 0.22428062558174133 0.014529106207191944 0.9744162559509277 -0.05093910172581673
1522282355.4555686 0.9744934439659119 0.004654624033719301 -0.22436779737472534 -0.06058782339096069 -0.007795404177159071 0.9998836517333984 -0.01311457809060812 0.016093943268060684 0.22428062558174133 0.014529106207191944 0.9744162559509277 -0.05093910172581673
1522282355.4555686 0.9744934439659119 0.004654624033719301 -0.22436779737472534 -0.06058782339096069 -0.007795404177159071 0.9998836517333984 -0.01311457809060812 0.016093943268060684 0.22428062558174133 0.014529106207191944 0.9744162559509277 -0.05093910172581673
1522282355.4555686 0.9744934439659119 0.004654624033719301 -0.22436779737472534 -0.06058782339096069 -0.007795404177159071 0.9998836517333984 -0.01311457809060812 0.016093943268060684 0.22428062558174133 0.014529106207191944 0.9744162559509277 -0.05093910172581673
1522282355.4555686 0.9744934439659119 0.004654624033719301 -0.22436779737472534 -0.06058782339096069 -0.007795404177159071 0.9998836517333984 -0.01311457809060812 0.016093943268060684 0.22428062558174133 0.014529106207191944 0.9744162559509277 -0.05093910172581673
1522282355.4555686 0.9744934439659119 0.004654624033719301 -0.22436779737472534 -0.06058782339096069 -0.007795404177159071 0.9998836517333984 -0.01311457809060812 0.016093943268060684 0.22428062558174133 0.014529106207191944 0.9744162559509277 -0.05093910172581673
1522282355.4555686 0.9744934439659119 0.004654624033719301 -0.22436779737472534 -0.06058782339096069 -0.007795404177159071 0.9998836517333984 -0.01311457809060812 0.016093943268060684 0.22428062558174133 0.014529106207191944 0.9744162559509277 -0.05093910172581673
1522282355.4555686 0.9744934439659119 0.004654624033719301 -0.22436779737472534 -0.06058782339096069 -0.007795404177159071 0.9998836517333984 -0.01311457809060812 0.016093943268060684 0.22428062558174133 0.014529106207191944 0.9744162559509277 -0.05093910172581673
1522282355.4555686 0.9744934439659119 0.004654624033719301 -0.22436779737472534 -0.06058782339096069 -0.007795404177159071 0.9998836517333984 -0.01311457809060812 0.016093943268060684 0.22428062558174133 0.014529106207191944 0.9744162559509277 -0.05093910172581673
1522282355.4555686 0.9744934439659119 0.004654624033719301 -0.22436779737472534 -0.06058782339096069 -0.007795404177159071 0.9998836517333984 -0.01311457809060812 0.016093943268060684 0.22428062558174133 0.014529106207191944 0.9744162559509277 -0.05093910172581673
1522282355.4555686 0.9744934439659119 0.004654624033719301 -0.22436779737472534 -0.06058782339096069 -0.007795404177159071 0.9998836517333984 -0.01311457809060812 0.016093943268060684 0.22428062558174133 0.014529106207191944 0.9744162559509277 -0.05093910172581673
1522282355.4555686 0.9744934439659119 0.004654624033719301 -0.22436779737472534 -0.06058782339096069 -0.007795404177159071 0.9998836517333984 -0.01311457809060812 0.016093943268060684 0.22428062558174133 0.014529106207191944 0.9744162559509277 -0.05093910172581673
1522282355.4555686 0.9744934439659119 0.004654624033719301 -0.22436779737472534 -0.06058782339096069 -0.007795404177159071 0.9998836517333984 -0.01311457809060812 0.016093943268060684 0.22428062558174133 0.014529106207191944 0.9744162559509277 -0.05093910172581673
1522282355.4555686 0.9744934439659119 0.004654624033719301 -0.22436779737472534 -0.06058782339096069 -0.007795404177159071 0.9998836517333984 -0.01311457809060812 0.016093943268060684 0.22428062558174133 0.014529106207191944 0.9744162559509277 -0.05093910172581673
1522282355.4555686 0.9744934439659119 0.004654624033719301 -0.22436779737472534 -0.06058782339096069 -0.007795404177159071 0.9998836517333984 -0.01311457809060812 0.016093943268060684 0.22428062558174133 0.014529106207191944 0.9744162559509277 -0.05093910172581673
1522282355.4555686 0.9744934439659119 0.004654624033719301 -0.22436779737472534 -0.06058782339096069 -0.007795404177159071 0.9998836517333984 -0.01311457809060812 0.016093943268060684 0.22428062558174133 0.014529106207191944 0.9744162559509277 -0.05093910172581673
1522282355.4555686 0.9744934439659119 0.004654624033719301 -0.22436779737472534 -0.06058782339096069 -0.007795404177159071 0.9998836517333984 -0.01311457809060812 0.016093943268060684 0.22428062558174133 0.014529106207191944 0.9744162559509277 -0.05093910172581673
1522282355.4555686 0.9744934439659119 0.004654624033719301 -0.22436779737472534 -0.06058782339096069 -0.007795404177159071 0.9998836517333984 -0.01311457809060812 0.016093943268060684 0.22428062558174133 0.014529106207191944 0.9744162559509277 -0.05093910172581673
1522282355.4555686 0.9744934439659119 0.004654624033719301 -0.22436779737472534 -0.06058782339096069 -0.007795404177159071 0.9998836517333984 -0.01311457809060812 0.016093943268060684 0.22428062558174133 0.014529106207191944 0.9744162559509277 -0.05093910172581673
1522282355.4555686 0.9744934439659119 0.004654624033719301 -0.22436779737472534 -0.06058782339096069 -0.007795404177159071 0.9998836517333984 -0.01311457809060812 0.016093943268060684 0.22428062558174133 0.014529106207191944 0.9744162559509277 -0.05093910172581673
1522282355.4555686 0.9744934439659119 0.004654624033719301 -0.22436779737472534 -0.06058782339096069 -0.007795404177159071 0.9998836517333984 -0.01311457809060812 0.016093943268060684 0.22428062558174133 0.014529106207191944 0.9744162559509277 -0.05093910172581673
1522282355.4555686 0.9744934439659119 0.004654624033719301 -0.22436779737472534 -0.06058782339096069 -0.007795404177159071 0.9998836517333984 -0.01311457809060812 0.016093943268060684 0.22428062558174133 0.014529106207191944 0.9744162559509277 -0.05093910172581673
1522282355.4555686 0.9744934439659119 0.004654624033719301 -0.22436779737472534 -0.06058782339096069 -0.007795404177159071 0.9998836517333984 -0.01311457809060812 0.016093943268060684 0.22428062558174133 0.014529106207191944 0.9744162559509277 -0.05093910172581673
1522282355.4555686 0.9744934439659119 0.004654624033719301 -0.22436779737472534 -0.06058782339096069 -0.007795404177159071 0.9998836517333984 -0.01311457809060812 0.016093943268060684 0.22428062558174133 0.014529106207191944 0.9744162559509277 -0.05093910172581673
1522282355.4555686 0.9744934439659119 0.004654624033719301 -0.22436779737472534 -0.06058782339096069 -0.007795404177159071 0.9998836517333984 -0.01311457809060812 0.016093943268060684 0.22428062558174133 0.014529106207191944 0.9744162559509277 -0.05093910172581673
1522282355.4555686 0.9744934439659119 0.004654624033719301 -0.22436779737472534 -0.06058782339096069 -0.007795404177159071 0.9998836517333984 -0.01311457809060812 0.016093943268060684 0.22428062558174133 0.014529106207191944 0.9744162559509277 -0.05093910172581673
1522282355.4555686 0.9744934439659119 0.004654624033719301 -0.22436779737472534 -0.06058782339096069 -0.007795404177159071 0.9998836517333984 -0.01311457809060812 0.016093943268060684 0.22428062558174133 0.014529106207191944 0.9744162559509277 -0.05093910172581673
1522282355.4555686 0.9744934439659119 0.004654624033719301 -0.22436779737472534 -0.06058782339096069 -0.007795404177159071 0.9998836517333984 -0.01311457809060812 0.016093943268060684 0.22428062558174133 0.014529106207191944 0.9744162559509277 -0.05093910172581673
1522282355.4555686 0.9744934439659119 0.004654624033719301 -0.22436779737472534 -0.06058782339096069 -0.007795404177159071 0.9998836517333984 -0.01311457809060812 0.016093943268060684 0.22428062558174133 0.014529106207191944 0.9744162559509277 -0.05093910172581673
1522282355.4555686 0.9744934439659119 0.004654624033719301 -0.22436779737472534 -0.06058782339096069 -0.007795404177159071 0.9998836517333984 -0.01311457809060812 0.016093943268060684 0.22428062558174133 0.014529106207191944 0.9744162559509277 -0.05093910172581673
1522282355.4555686 0.9744934439659119 0.004654624033719301 -0.22436779737472534 -0.06058782339096069 -0.007795404177159071 0.9998836517333984 -0.01311457809060812 0.016093943268060684 0.22428062558174133 0.014529106207191944 0.9744162559509277 -0.05093910172581673
1522282355.4555686 0.9744934439659119 0.004654624033719301 -0.22436779737472534 -0.06058782339096069 -0.007795404177159071 0.9998836517333984 -0.01311457809060812 0.016093943268060684 0.22428062558174133 0.014529106207191944 0.9744162559509277 -0.05093910172581673
1522282355.4555686 0.9744934439659119 0.004654624033719301 -0.22436779737472534 -0.06058782339096069 -0.007795404177159071 0.9998836517333984 -0.01311457809060812 0.016093943268060684 0.22428062558174133 0.014529106207191944 0.9744162559509277 -0.05093910172581673
1522282355.4555686 0.9744934439659119 0.004654624033719301 -0.22436779737472534 -0.06058782339096069 -0.007795404177159071 0.9998836517333984 -0.01311457809060812 0.016093943268060684 0.22428062558174133 0.014529106207191944 0.9744162559509277 -0.05093910172581673
1522282355.4555686 0.9744934439659119 0.004654624033719301 -0.22436779737472534 -0.06058782339096069 -0.007795404177159071 0.9998836517333984 -0.01311457809060812 0.016093943268060684 0.22428062558174133 0.014529106207191944 0.9744162559509277 -0.05093910172581673
1522282355.4555686 0.9744934439659119 0.004654624033719301 -0.22436779737472534 -0.06058782339096069 -0.007795404177159071 0.9998836517333984 -0.01311457809060812 0.016093943268060684 0.22428062558174133 0.014529106207191944 0.9744162559509277 -0.05093910172581673
1522282355.4555686 0.9744934439659119 0.004654624033719301 -0.22436779737472534 -0.06058782339096069 -0.007795404177159071 0.9998836517333984 -0.01311457809060812 0.016093943268060684 0.22428062558174133 0.014529106207191944 0.9744162559509277 -0.05093910172581673
1522282355.4555686 0.9744934439659119 0.004654624033719301 -0.22436779737472534 -0.06058782339096069 -0.007795404177159071 0.9998836517333984 -0.01311457809060812 0.016093943268060684 0.22428062558174133 0.014529106207191944 0.9744162559509277 -0.05093910172581673
1522282355.4555686 0.9744934439659119 0.004654624033719301 -0.22436779737472534 -0.06058782339096069 -0.007795404177159071 0.9998836517333984 -0.01311457809060812 0.016093943268060684 0.22428062558174133 0.014529106207191944 0.9744162559509277 -0.05093910172581673
1522282355.4555686 0.9744934439659119 0.004654624033719301 -0.22436779737472534 -0.06058782339096069 -0.007795404177159071 0.9998836517333984 -0.01311457809060812 0.016093943268060684 0.22428062558174133 0.014529106207191944 0.9744162559509277 -0.05093910172581673
1522282355.4555686 0.9744934439659119 0.004654624033719301 -0.22436779737472534 -0.06058782339096069 -0.007795404177159071 0.9998836517333984 -0.01311457809060812 0.016093943268060684 0.22428062558174133 0.014529106207191944 0.9744162559509277 -0.05093910172581673
1522282355.4555686 0.9744934439659119 0.004654624033719301 -0.22436779737472534 -0.06058782339096069 -0.007795404177159071 0.9998836517333984 -0.01311457809060812 0.016093943268060684 0.22428062558174133 0.014529106207191944 0.9744162559509277 -0.05093910172581673
1522282355.4555686 0.9744934439659119 0.004654624033719301 -0.22436779737472534 -0.06058782339096069 -0.007795404177159071 0.9998836517333984 -0.01311457809060812 0.016093943268060684 0.22428062558174133 0.014529106207191944 0.9744162559509277 -0.05093910172581673
1522282355.4555686 0.9744934439659119 0.004654624033719301 -0.22436779737472534 -0.06058782339096069 -0.007795404177159071 0.9998836517333984 -0.01311457809060812 0.016093943268060684 0.22428062558174133 0.014529106207191944 0.9744162559509277 -0.05093910172581673
1522282355.4555686 0.9744934439659119 0.004654624033719301 -0.22436779737472534 -0.06058782339096069 -0.007795404177159071 0.9998836517333984 -0.01311457809060812 0.016093943268060684 0.22428062558174133 0.014529106207191944 0.9744162559509277 -0.05093910172581673
1522282355.4555686 0.9744934439659119 0.004654624033719301 -0.22436779737472534 -0.06058782339096069 -0.007795404177159071 0.9998836517333984 -0.01311457809060812 0.016093943268060684 0.22428062558174133 0.014529106207191944 0.9744162559509277 -0.05093910172581673
1522282355.4555686 0.9744934439659119 0.004654624033719301 -0.22436779737472534 -0.06058782339096069 -0.007795404177159071 0.9998836517333984 -0.01311457809060812 0.016093943268060684 0.22428062558174133 0.014529106207191944 0.9744162559509277 -0.05093910172581673
1522282355.4555686 0.9744934439659119 0.004654624033719301 -0.22436779737472534 -0.06058782339096069 -0.007795404177159071 0.9998836517333984 -0.01311457809060812 0.016093943268060684 0.22428062558174133 0.014529106207191944 0.9744162559509277 -0.05093910172581673
1522282355.4555686 0.9744934439659119 0.004654624033719301 -0.22436779737472534 -0.06058782339096069 -0.007795404177159071 0.9998836517333984 -0.01311457809060812 0.016093943268060684 0.22428062558174133 0.014529106207191944 0.9744162559509277 -0.05093910172581673
1522282355.4555686 0.9744934439659119 0.004654624033719301 -0.22436779737472534 -0.06058782339096069 -0.007795404177159071 0.9998836517333984 -0.01311457809060812 0.016093943268060684 0.22428062558174133 0.014529106207191944 0.9744162559509277 -0.05093910172581673
1522282355.4555686 0.9744934439659119 0.004654624033719301 -0.22436779737472534 -0.06058782339096069 -0.007795404177159071 0.9998836517333984 -0.01311457809060812 0.016093943268060684 0.22428062558174133 0.014529106207191944 0.9744162559509277 -0.05093910172581673
1522282355.4555686 0.9744934439659119 0.004654624033719301 -0.22436779737472534 -0.06058782339096069 -0.007795404177159071 0.9998836517333984 -0.01311457809060812 0.016093943268060684 0.22428062558174133 0.014529106207191944 0.9744162559509277 -0.05093910172581673
1522282355.4555686 0.9744934439659119 0.004654624033719301 -0.22436779737472534 -0.06058782339096069 -0.007795404177159071 0.9998836517333984 -0.01311457809060812 0.016093943268060684 0.22428062558174133 0.014529106207191944 0.9744162559509277 -0.05093910172581673
1522282355.4555686 0.9744934439659119 0.004654624033719301 -0.22436779737472534 -0.06058782339096069 -0.007795404177159071 0.9998836517333984 -0.01311457809060812 0.016093943268060684 0.22428062558174133 0.014529106207191944 0.9744162559509277 -0.05093910172581673
1522282355.4555686 0.9744934439659119 0.004654624033719301 -0.22436779737472534 -0.06058782339096069 -0.007795404177159071 0.9998836517333984 -0.01311457809060812 0.016093943268060684 0.22428062558174133 0.014529106207191944 0.9744162559509277 -0.05093910172581673
1522282355.4555686 0.9744934439659119 0.004654624033719301 -0.22436779737472534 -0.06058782339096069 -0.007795404177159071 0.9998836517333984 -0.01311457809060812 0.016093943268060684 0.22428062558174133 0.014529106207191944 0.9744162559509277 -0.05093910172581673
1522282355.4555686 0.9744934439659119 0.004654624033719301 -0.22436779737472534 -0.06058782339096069 -0.007795404177159071 0.9998836517333984 -0.01311457809060812 0.016093943268060684 0.22428062558174133 0.014529106207191944 0.9744162559509277 -0.05093910172581673
1522282355.4555686 0.9744934439659119 0.004654624033719301 -0.22436779737472534 -0.06058782339096069 -0.007795404177159071 0.9998836517333984 -0.01311457809060812 0.016093943268060684 0.22428062558174133 0.014529106207191944 0.9744162559509277 -0.05093910172581673
1522282355.4555686 0.9744934439659119 0.004654624033719301 -0.22436779737472534 -0.06058782339096069 -0.007795404177159071 0.9998836517333984 -0.01311457809060812 0.016093943268060684 0.22428062558174133 0.014529106207191944 0.9744162559509277 -0.05093910172581673
1522282355.4555686 0.9744934439659119 0.004654624033719301 -0.22436779737472534 -0.06058782339096069 -0.007795404177159071 0.9998836517333984 -0.01311457809060812 0.016093943268060684 0.22428062558174133 0.014529106207191944 0.9744162559509277 -0.05093910172581673
1522282355.4555686 0.9744934439659119 0.004654624033719301 -0.22436779737472534 -0.06058782339096069 -0.007795404177159071 0.9998836517333984 -0.01311457809060812 0.016093943268060684 0.22428062558174133 0.014529106207191944 0.9744162559509277 -0.05093910172581673
1522282355.4555686 0.9744934439659119 0.004654624033719301 -0.22436779737472534 -0.06058782339096069 -0.007795404177159071 0.9998836517333984 -0.01311457809060812 0.016093943268060684 0.22428062558174133 0.014529106207191944 0.9744162559509277 -0.05093910172581673
1522282355.4555686 0.9744934439659119 0.004654624033719301 -0.22436779737472534 -0.06058782339096069 -0.007795404177159071 0.9998836517333984 -0.01311457809060812 0.016093943268060684 0.22428062558174133 0.014529106207191944 0.9744162559509277 -0.05093910172581673
1522282355.4555686 0.9744934439659119 0.004654624033719301 -0.22436779737472534 -0.06058782339096069 -0.007795404177159071 0.9998836517333984 -0.01311457809060812 0.016093943268060684 0.22428062558174133 0.014529106207191944 0.9744162559509277 -0.05093910172581673
1522282355.4555686 0.9744934439659119 0.004654624033719301 -0.22436779737472534 -0.06058782339096069 -0.007795404177159071 0.9998836517333984 -0.01311457809060812 0.016093943268060684 0.22428062558174133 0.014529106207191944 0.9744162559509277 -0.05093910172581673
1522282355.4555686 0.9744934439659119 0.004654624033719301 -0.22436779737472534 -0.06058782339096069 -0.007795404177159071 0.9998836517333984 -0.01311457809060812 0.016093943268060684 0.22428062558174133 0.014529106207191944 0.9744162559509277 -0.05093910172581673
1522282355.4555686 0.9744934439659119 0.004654624033719301 -0.22436779737472534 -0.06058782339096069 -0.007795404177159071 0.9998836517333984 -0.01311457809060812 0.016093943268060684 0.22428062558174133 0.014529106207191944 0.9744162559509277 -0.05093910172581673
1522282355.4555686 0.9744934439659119 0.004654624033719301 -0.22436779737472534 -0.06058782339096069 -0.007795404177159071 0.9998836517333984 -0.01311457809060812 0.016093943268060684 0.22428062558174133 0.014529106207191944 0.9744162559509277 -0.05093910172581673
